Pos	013	023	025	044	054	103	172	190	NA19240
chr1:6624476-6626409	-0.381	-0.326	-0.354	-0.622	-0.854	-0.577	-0.608	-0.652	-0.125
chr1:19273486-19274724	-0.153	-0.403	-0.272	-0.099	-0.726	-0.217	-0.219	-0.525	-0.463
chr1:19287935-19290050	-0.752	-0.663	-0.742	-0.822	-0.766	-0.910	-0.734	-0.819	0.131
chr1:21427995-21429552	-0.693	-0.668	-0.688	-0.787	-0.849	-0.482	-0.696	-0.667	-0.380
chr1:22951559-22954276	-0.800	-0.792	-0.614	-0.791	-0.246	-0.533	0.312	-0.198	-0.089
chr1:29055667-29056227	-0.705	-0.278	-0.782	-0.186	-0.268	-0.357	-0.528	-0.464	0.033
chr1:29259091-29260898	-0.595	-0.431	-0.373	-0.644	-0.248	-0.439	-0.553	-0.259	-0.088
chr1:34092171-34092885	-0.230	-0.589	-0.328	-0.285	-0.632	-0.215	-0.473	-0.360	-0.065
chr1:39514077-39516009	-0.274	-0.608	-0.694	0.612	-0.620	-0.170	-0.467	0.201	-0.351
chr1:39557290-39560848	-0.785	-0.686	-0.688	-0.580	-0.538	-0.904	-0.367	-0.657	-0.829
chr1:41917890-41918892	-0.764	-0.138	-0.247	-0.512	-0.791	0.200	-0.717	-0.604	-0.413
chr1:51329926-51331138	-0.521	-0.589	-0.241	-0.547	-0.552	-0.737	-0.349	-0.391	0.138
chr1:55039174-55041282	-0.640	-0.723	-0.602	-0.625	-0.688	-0.181	-0.572	-0.623	-0.461
chr1:55055845-55057402	-0.695	-0.597	-0.547	-0.620	-0.653	-0.494	-0.566	-0.411	-0.091
chr1:60640031-60640492	-0.037	0.409	0.596	0.669	0.348	0.348	0.480	0.755	-0.037
chr1:62480336-62481827	-0.610	-0.541	-0.749	-0.200	-0.462	-0.615	-0.705	-0.322	-0.146
chr1:67306992-67308382	-0.363	-0.447	-0.581	-0.459	-0.119	-0.849	0.294	-0.769	0.021
chr1:68046152-68047803	-0.674	-0.342	-0.776	-0.631	-0.718	-0.666	-0.401	-0.662	-0.312
chr1:68049750-68052007	-0.728	-0.617	-0.810	-0.636	-0.791	-0.769	0.485	-0.788	-0.632
chr1:89708966-89710352	-0.303	-0.456	-0.368	-0.789	-0.658	-0.529	-0.640	0.221	-0.184
chr1:89842481-89844332	-0.872	-0.611	-0.476	-0.535	-0.667	-0.738	-0.328	-0.383	0.301
chr1:91904434-91906860	-0.578	-0.490	-0.921	-0.247	-0.653	-0.706	-0.813	-0.874	0.040
chr1:91961577-91962426	-0.495	0.245	0.103	-0.596	-0.082	-0.581	-0.554	-0.488	-0.021
chr1:118852149-118853064	0.430	0.747	0.062	0.194	0.747	0.332	0.466	0.762	0.182
chr1:166920144-166922253	-0.845	-0.811	-0.901	-0.288	-0.764	-0.662	-0.864	-0.709	-0.296
chr1:179585540-179587023	-0.675	-0.058	-0.429	0.071	-0.737	0.161	-0.569	-0.490	-0.375
chr1:180953351-180955108	-0.487	-0.561	-0.523	-0.401	-0.297	-0.809	-0.307	0.176	-0.634
chr1:181317246-181319165	-0.620	-0.488	-0.498	-0.603	-0.710	-0.545	-0.734	-0.565	-0.083
chr1:185053543-185055373	-0.823	-0.782	-0.729	-0.412	-0.766	-0.415	-0.222	-0.804	0.045
chr1:193861683-193862821	-0.581	-0.535	-0.551	-0.522	-0.518	-0.741	0.546	-0.619	-0.054
chr1:202642201-202643909	-0.370	-0.377	-0.369	-0.515	-0.274	-0.525	-0.315	-0.440	-0.174
chr1:203075116-203076587	-0.584	-0.567	-0.203	-0.173	-0.503	-0.450	-0.495	-0.346	-0.068
chr1:207669121-207670191	-0.199	-0.540	-0.236	-0.565	-0.540	-0.172	-0.473	-0.632	-0.128
chr1:209674649-209676625	-0.699	-0.494	-0.663	-0.561	-0.683	-0.710	-0.789	-0.619	-0.295
chr1:211415796-211417345	-0.654	-0.304	-0.717	-0.727	-0.551	-0.849	-0.550	-0.842	0.717
chr1:214187090-214187803	-0.295	-0.460	-0.730	-0.586	-0.683	-0.626	-0.491	-0.381	0.110
chr1:240405695-240406781	-0.300	-0.269	-0.213	-0.260	0.123	-0.430	-0.527	-0.519	-0.049
chr1:247372909-247374443	-0.692	-0.479	-0.494	-0.464	-0.479	-0.726	-0.583	-0.319	-0.613
chr10:5692034-5693534	-0.219	-0.523	-0.203	-0.356	-0.789	-0.154	-0.609	-0.547	-0.099
chr10:11890965-11896572	-0.657	-0.562	-0.901	-0.733	-0.855	-0.533	-0.711	-0.863	-0.206
chr10:15717823-15721106	-0.799	-0.682	-0.327	0.594	-0.755	-0.647	-0.454	-0.766	-0.330
chr10:15921108-15924013	-0.452	0.778	-0.928	0.687	0.739	0.779	0.677	0.707	-0.329
chr10:17996481-17997016	-0.441	-0.484	-0.419	-0.596	-0.624	-0.495	-0.472	-0.608	-0.063
chr10:22926932-22928672	-0.801	-0.870	-0.573	-0.910	-0.833	-0.646	-0.627	-0.808	-0.251
chr10:43228410-43230715	-0.421	-0.533	-0.529	-0.693	-0.635	-0.635	-0.537	-0.654	-0.161
chr10:50562356-50563313	-0.428	-0.388	-0.490	-0.674	-0.721	-0.708	-0.529	-0.632	-0.066
chr10:55022770-55023541	-0.521	-0.351	-0.415	-0.396	-0.488	-0.294	-0.757	-0.404	0.076
chr10:59351486-59352586	0.279	-0.401	-0.626	-0.640	-0.651	-0.519	-0.539	-0.726	0.147
chr10:63464285-63466815	-0.246	-0.345	-0.683	-0.950	-0.916	-0.448	-0.381	-0.631	-0.109
chr10:70130855-70133260	-0.550	-0.654	-0.495	0.187	-0.712	-0.183	-0.087	-0.626	-0.153
chr10:75391462-75399830	-0.774	-0.514	-0.556	-0.768	-0.626	-0.397	-0.708	-0.614	-0.189
chr10:77635988-77638366	-0.530	-0.637	-0.611	-0.400	-0.665	-0.136	-0.269	-0.593	0.151
chr10:92238799-92240288	0.097	-0.573	-0.730	0.153	-0.487	-0.718	-0.068	0.205	-0.191
chr10:93037542-93038034	0.271	-0.444	-0.368	-0.552	-0.795	-0.025	-0.857	-0.453	-0.020
chr10:98029236-98031561	-0.324	-0.505	-0.518	-0.566	-0.728	-0.464	0.141	-0.768	-0.139
chr10:101773270-101777077	-0.320	-0.532	-0.364	-0.495	-0.584	-0.581	-0.523	-0.555	-0.120
chr10:109455815-109458532	-0.429	-0.536	-0.216	-0.602	-0.614	-0.597	-0.581	-0.654	0.292
chr10:110767382-110768349	-0.304	-0.433	-0.497	-0.524	-0.643	-0.510	-0.312	-0.465	-0.015
chr10:114238372-114240103	-0.726	-0.479	-0.670	-0.683	-0.675	-0.821	-0.642	-0.301	-0.260
chr10:117240493-117242038	-0.321	-0.553	-0.666	-0.193	0.166	-0.661	-0.505	-0.257	-0.125
chr10:119817751-119819735	-0.900	-0.758	-0.785	-0.711	-0.612	-0.224	-0.845	-0.780	-0.144
chr10:123890768-123892273	-0.231	-0.884	-0.726	-0.738	-0.282	-0.424	-0.334	-0.341	-0.177
chr10:123990931-123992606	-0.756	-0.581	-0.706	-0.588	-0.712	-0.617	-0.464	-0.750	-0.440
chr10:124446692-124450774	-0.759	0.464	-0.755	-0.280	0.203	-0.307	-0.769	0.180	-0.270
chr10:127194550-127197268	-0.848	-0.868	-0.420	-0.799	-0.567	-0.718	-0.937	-0.608	-0.080
chr10:133422546-133425907	-0.822	-0.825	-0.787	-0.548	-0.634	-0.704	-0.777	-0.875	-0.177
chr10:133451641-133466470	-0.706	-0.526	-0.697	-0.696	-0.503	-0.784	-0.421	-0.734	0.258
chr10:133527388-133531120	-0.770	-0.579	-0.816	-0.810	-0.621	-0.600	-0.492	-0.783	0.385
chr10:133567895-133570146	-0.418	-0.425	-0.450	-0.559	-0.527	-0.715	-0.254	-0.644	-0.229
chr11:2009835-2036986	0.724	0.759	0.579	0.841	0.842	0.643	0.751	0.860	0.595
chr11:2037273-2042921	0.556	0.665	0.583	0.669	0.728	0.687	0.732	0.527	-0.207
chr11:2065220-2077183	0.760	0.677	0.627	0.632	0.522	0.685	0.682	0.938	-0.333
chr11:2078622-2104308	0.702	0.567	0.783	0.628	0.623	0.936	0.803	0.699	0.360
chr11:2112051-2122196	0.645	0.630	0.629	0.812	0.578	0.783	0.645	0.748	0.445
chr11:2123270-2126761	0.561	0.558	0.891	0.807	0.684	0.837	0.830	0.812	-0.155
chr11:2128915-2134874	0.395	-0.199	0.685	0.380	0.429	0.601	0.463	0.492	-0.204
chr11:2144666-2150042	0.624	0.718	0.669	0.614	0.753	0.836	0.685	0.759	0.463
chr11:2407905-2416363	-0.484	-0.457	-0.633	-0.416	-0.407	-0.670	-0.537	-0.461	0.299
chr11:2421098-2428281	-0.760	-0.571	-0.615	-0.486	-0.512	-0.818	-0.558	-0.467	0.134
chr11:2430114-2437250	-0.669	-0.589	-0.552	-0.514	-0.604	-0.830	-0.587	-0.760	0.431
chr11:2446008-2469817	-0.698	-0.633	-0.691	-0.616	-0.646	-0.727	-0.593	-0.603	0.331
chr11:2471388-2476061	-0.604	-0.397	-0.443	-0.533	-0.579	-0.431	-0.692	-0.549	-0.311
chr11:2506086-2526619	-0.582	-0.650	-0.690	-0.471	-0.616	-0.842	-0.587	-0.573	0.216
chr11:2527523-2531556	-0.707	-0.562	-0.378	-0.452	-0.542	-0.549	-0.413	-0.475	0.218
chr11:2544062-2550253	-0.650	-0.712	-0.482	-0.824	-0.737	-0.745	-0.651	-0.779	-0.154
chr11:2570935-2582359	-0.557	-0.557	-0.501	-0.670	-0.660	-0.390	-0.447	-0.518	-0.234
chr11:2584745-2599250	-0.835	-0.910	-0.663	-0.817	-0.753	-0.839	-0.678	-0.694	-0.234
chr11:2600873-2612912	-0.714	-0.632	-0.776	-0.770	-0.623	-0.938	-0.939	-0.913	-0.486
chr11:2698156-2701554	-0.817	-0.853	-0.919	-0.933	-0.889	-0.826	-0.578	-0.919	-0.907
chr11:3085194-3091625	-0.615	-0.513	-0.485	-0.544	-0.370	-0.396	-0.640	-0.429	0.175
chr11:3095616-3109925	-0.661	-0.470	-0.729	-0.453	-0.310	-0.518	-0.417	-0.346	-0.451
chr11:3117136-3128822	-0.525	-0.540	-0.768	-0.378	0.455	-0.734	-0.577	-0.388	0.176
chr11:3136156-3142172	-0.314	-0.480	-0.592	-0.278	0.518	-0.516	-0.582	-0.494	0.406
chr11:3142900-3156793	-0.501	-0.466	-0.710	-0.320	-0.560	-0.631	-0.488	-0.484	0.220
chr11:3157003-3160194	-0.493	-0.331	-0.825	-0.359	-0.312	-0.637	-0.502	-0.361	-0.185
chr11:4211892-4212408	-0.415	-0.278	-0.417	-0.327	-0.379	-0.733	-0.657	-0.419	-0.048
chr11:7087926-7090335	-0.731	-0.505	-0.650	-0.462	-0.636	-0.395	-0.520	-0.482	-0.378
chr11:7672931-7674605	-0.167	-0.706	-0.399	-0.465	-0.883	-0.704	0.137	-0.592	-0.320
chr11:9090692-9092102	-0.469	-0.331	-0.143	-0.291	-0.615	-0.530	-0.436	-0.585	0.084
chr11:10539872-10541843	-0.144	-0.525	-0.500	-0.536	-0.594	-0.679	-0.232	-0.573	-0.264
chr11:18188831-18190172	-0.384	-0.457	-0.438	-0.529	-0.444	-0.517	-0.322	-0.332	0.104
chr11:19339645-19347072	-0.416	-0.559	-0.610	-0.554	-0.651	-0.494	-0.453	-0.790	0.219
chr11:31533277-31534299	-0.348	-0.203	-0.662	-0.191	-0.579	-0.719	-0.485	-0.325	-0.021
chr11:44063594-44066953	-0.762	-0.760	-0.771	-0.528	-0.719	-0.715	-0.682	-0.712	-0.229
chr11:68683891-68685442	-0.332	-0.257	-0.097	0.175	-0.182	-0.167	-0.045	-0.462	-0.229
chr11:78902795-78904488	-0.579	0.100	-0.581	-0.722	-0.431	-0.676	-0.590	-0.758	0.234
chr11:78961631-78962825	-0.341	-0.228	-0.455	-0.460	-0.489	-0.447	-0.188	-0.436	-0.079
chr11:82288855-82290696	-0.679	-0.497	-0.801	-0.645	-0.475	-0.507	-0.429	-0.495	-0.113
chr11:83606360-83607497	-0.400	-0.570	-0.449	-0.560	-0.366	-0.727	-0.382	-0.345	-0.054
chr11:88508256-88510020	-0.766	-0.829	-0.339	-0.824	-0.885	-0.255	-0.878	-0.756	0.364
chr11:89490636-89491873	-0.249	-0.271	-0.442	0.084	-0.639	-0.850	-0.382	-0.431	-0.085
chr11:91062885-91064088	-0.489	-0.425	-0.258	-0.596	-0.722	-0.630	-0.601	-0.554	0.033
chr11:94088716-94089994	-0.490	-0.607	-0.581	-0.639	-0.571	-0.641	-0.422	-0.576	0.124
chr11:99845394-99845898	-0.675	-0.504	-0.322	-0.804	-0.696	-0.723	-0.230	-0.529	-0.032
chr11:102999240-102999741	-0.333	-0.566	-0.364	-0.063	-0.714	-0.328	-0.507	-0.809	-0.023
chr11:103458492-103460023	-0.236	-0.577	0.219	-0.289	-0.731	-0.676	0.041	-0.572	-0.101
chr11:107644360-107645543	-0.353	-0.428	-0.251	-0.596	-0.408	-0.400	-0.401	-0.431	-0.034
chr11:109420063-109424764	-0.569	-0.656	-0.563	-0.691	-0.126	-0.549	-0.414	-0.681	-0.312
chr11:110091849-110094480	-0.892	-0.900	-0.581	-0.547	-0.875	-0.835	-0.881	-0.755	-0.391
chr11:111936573-111937706	-0.500	0.236	0.115	-0.384	-0.522	-0.675	-0.521	-0.686	-0.043
chr11:115759494-115760733	-0.655	-0.459	-0.729	-0.439	-0.750	-0.219	-0.530	-0.401	-0.125
chr11:116579436-116581583	-0.689	-0.768	-0.486	-0.193	-0.690	-0.368	0.112	-0.611	-0.101
chr11:117791669-117797970	-0.611	-0.534	-0.655	-0.599	-0.578	-0.690	-0.359	-0.678	-0.228
chr11:120985593-120986649	-0.211	0.055	-0.328	-0.485	-0.778	-0.486	-0.321	-0.527	-0.042
chr11:131908898-131912942	-0.645	-0.643	-0.564	-0.776	-0.827	-0.543	-0.527	-0.753	-0.194
chr11:132941923-132946225	-0.689	-0.858	-0.648	-0.565	-0.734	-0.594	-0.632	-0.854	-0.134
chr11:133080176-133084016	-0.695	-0.797	-0.713	-0.672	-0.786	-0.649	-0.678	-0.584	-0.465
chr11:134124574-134125417	-0.120	0.132	-0.415	-0.197	-0.422	-0.741	-0.673	-0.665	0.028
chr12:202438-204411	-0.616	-0.349	-0.799	-0.436	-0.720	-0.694	-0.522	-0.777	-0.177
chr12:4324212-4325240	-0.340	-0.321	-0.652	-0.760	-0.665	-0.539	-0.709	-0.732	0.050
chr12:6056392-6058206	-0.502	-0.743	-0.827	-0.576	-0.630	-0.447	0.715	-0.553	-0.535
chr12:8604744-8605763	-0.501	-0.762	-0.479	-0.508	-0.552	-0.567	-0.261	-0.583	-0.031
chr12:15343193-15344113	-0.399	-0.154	-0.721	-0.144	-0.281	-0.295	-0.313	-0.586	-0.084
chr12:19775357-19776738	-0.473	-0.425	-0.720	-0.532	-0.722	-0.257	-0.806	-0.535	0.095
chr12:20713063-20713712	-0.688	-0.643	-0.522	-0.653	-0.707	-0.433	-0.646	-0.605	-0.064
chr12:22333421-22336026	-0.531	-0.580	-0.868	-0.723	-0.695	-0.631	-0.622	-0.719	0.031
chr12:23249846-23250425	-0.502	-0.692	-0.120	-0.557	-0.610	-0.552	-0.564	-0.535	0.049
chr12:25120167-25121129	-0.428	-0.815	-0.436	-0.516	-0.816	-0.775	-0.719	-0.791	-0.072
chr12:29148211-29150731	0.382	-0.910	-0.753	-0.337	-0.845	-0.873	-0.903	-0.157	-0.142
chr12:51813898-51815114	-0.179	-0.354	-0.443	-0.442	-0.482	-0.393	-0.104	-0.505	0.422
chr12:51820198-51822053	0.239	-0.434	0.449	0.556	-0.248	0.427	0.258	0.152	-0.410
chr12:53299384-53300410	0.032	-0.872	-0.532	-0.061	-0.830	-0.097	0.022	-0.760	0.063
chr12:62035389-62036128	-0.570	-0.513	-0.403	-0.262	-0.382	-0.559	-0.688	-0.676	0.045
chr12:62631430-62633026	-0.373	-0.223	-0.902	-0.153	-0.439	-0.423	-0.642	-0.502	-0.180
chr12:64516336-64516952	-0.085	-0.183	-0.468	-0.655	-0.388	-0.451	-0.182	-0.409	0.046
chr12:64823615-64826244	-0.622	-0.707	-0.514	-0.795	-0.559	-0.684	-0.383	-0.409	-0.305
chr12:65120577-65122895	-0.608	-0.427	-0.408	-0.545	-0.784	-0.700	-0.483	-0.670	-0.198
chr12:74874888-74875363	0.508	0.372	0.679	0.431	0.507	0.611	0.782	0.294	0.093
chr12:90536259-90537254	-0.120	0.490	0.471	0.640	0.579	0.500	-0.247	0.186	0.050
chr12:103301614-103303177	-0.443	-0.311	-0.639	-0.400	-0.785	-0.487	-0.535	-0.489	0.350
chr12:103494174-103497019	-0.606	-0.723	-0.560	-0.691	-0.806	-0.737	-0.748	-0.842	-0.127
chr12:104265079-104265887	-0.180	-0.384	-0.747	-0.189	-0.489	-0.430	-0.369	-0.593	-0.083
chr12:108128444-108130259	-0.678	-0.746	-0.589	-0.422	-0.744	-0.559	-0.302	-0.642	-0.201
chr12:118338984-118339991	-0.842	-0.588	-0.732	-0.350	-0.169	-0.546	-0.635	-0.768	-0.023
chr12:119593239-119597298	-0.601	-0.446	-0.568	-0.642	-0.569	-0.548	-0.332	-0.541	0.087
chr12:121917804-121919057	-0.726	0.149	-0.731	-0.467	-0.833	-0.459	-0.277	-0.643	-0.156
chr13:20141573-20143482	-0.350	-0.279	-0.563	-0.382	-0.202	-0.560	-0.574	-0.514	-0.200
chr13:32425851-32428682	-0.525	-0.712	-0.922	-0.891	-0.900	-0.742	-0.672	-0.865	0.216
chr13:33349111-33351152	-0.869	-0.700	-0.801	0.131	-0.773	-0.650	-0.198	-0.592	0.231
chr13:48317707-48321833	-0.570	-0.387	-0.809	-0.674	-0.420	0.293	-0.222	-0.744	-0.910
chr13:50842811-50844478	-0.576	-0.666	-0.676	-0.184	-0.643	-0.530	-0.443	-0.775	0.132
chr13:61016815-61017282	-0.482	-0.387	-0.659	-0.660	-0.727	-0.274	-0.268	-0.592	-0.041
chr13:70106579-70109539	-0.502	-0.428	-0.702	-0.776	-0.781	-0.520	-0.664	-0.393	0.356
chr13:84830744-84832678	-0.538	-0.471	-0.545	-0.699	-0.334	-0.648	0.284	-0.550	-0.171
chr13:86154723-86155831	-0.507	-0.580	-0.610	-0.562	-0.600	-0.636	-0.181	-0.258	0.035
chr13:93088085-93097079	-0.661	-0.522	-0.439	-0.560	-0.735	-0.598	-0.560	-0.596	0.205
chr13:95001922-95003434	-0.419	-0.429	-0.364	-0.503	-0.539	-0.681	-0.492	-0.499	0.263
chr13:99894691-99896762	-0.529	-0.544	-0.679	-0.562	-0.722	-0.815	-0.399	-0.646	-0.492
chr13:101453394-101454493	-0.681	-0.334	-0.449	-0.638	-0.796	-0.800	0.166	-0.848	-0.023
chr13:101914916-101918812	-0.847	-0.758	-0.646	-0.884	-0.668	-0.835	-0.617	-0.754	-0.100
chr13:108885774-108886993	-0.419	-0.653	-0.419	-0.676	-0.692	-0.459	-0.398	-0.728	-0.117
chr13:111892383-111894733	-0.633	-0.657	-0.723	-0.560	-0.442	-0.629	-0.428	-0.615	-0.128
chr13:112053046-112059057	-0.652	-0.531	-0.795	-0.532	-0.609	0.540	-0.405	-0.529	0.137
chr13:112103065-112108095	-0.758	-0.320	-0.694	-0.567	-0.534	-0.656	-0.457	-0.553	0.366
chr14:24093193-24095186	-0.503	-0.338	-0.704	-0.689	-0.670	-0.361	-0.465	-0.542	0.072
chr14:33799425-33801943	-0.639	-0.688	-0.773	-0.907	-0.542	-0.874	-0.651	-0.727	-0.743
chr14:36660607-36664106	-0.840	-0.460	-0.610	-0.484	-0.817	-0.312	-0.331	-0.618	0.310
chr14:47018906-47020425	-0.739	-0.507	-0.646	-0.530	-0.817	-0.616	-0.542	-0.355	-0.200
chr14:52266768-52269839	-0.660	-0.683	-0.529	-0.716	-0.686	-0.715	-0.566	-0.435	-0.427
chr14:53217479-53218958	-0.691	0.068	-0.044	0.056	-0.811	-0.799	-0.698	-0.692	-0.055
chr14:57862612-57868149	-0.747	-0.691	-0.734	-0.473	-0.660	-0.636	-0.629	-0.713	-0.301
chr14:72928423-72930759	-0.742	-0.901	-0.693	-0.721	-0.866	-0.769	-0.877	-0.842	0.044
chr14:73137597-73139980	-0.728	-0.708	-0.865	-0.647	-0.727	-0.685	-0.504	-0.607	0.117
chr14:84511560-84512447	-0.179	-0.447	-0.456	-0.316	-0.449	-0.591	-0.389	-0.373	0.035
chr14:94766772-94769486	-0.313	-0.701	-0.755	-0.308	-0.439	-0.545	-0.139	-0.589	-0.214
chr14:99172641-99176832	-0.579	-0.484	-0.362	-0.466	-0.607	-0.555	-0.435	-0.593	-0.161
chr14:100823840-100828392	0.719	0.642	0.292	0.369	0.268	0.484	0.370	0.447	0.903
chr14:101780783-101781972	-0.177	-0.664	-0.488	-0.434	-0.568	-0.672	0.125	-0.508	0.394
chr14:103101857-103103247	-0.079	0.307	0.162	-0.180	0.180	0.685	0.621	0.431	0.280
chr14:105112010-105113376	-0.137	-0.742	0.104	-0.784	-0.744	-0.668	-0.579	-0.854	0.090
chr15:23561939-23567348	-0.462	0.202	-0.763	-0.350	0.613	0.743	-0.589	0.678	0.346
chr15:24953880-24956894	-0.718	-0.794	-0.837	-0.849	-0.830	-0.764	0.219	-0.792	-0.863
chr15:33307841-33313444	-0.740	-0.829	-0.493	-0.728	-0.730	-0.667	-0.473	-0.673	-0.341
chr15:38902519-38903444	-0.290	-0.504	-0.712	-0.391	-0.516	-0.574	-0.621	-0.323	-0.043
chr15:39974779-39977280	-0.799	-0.712	-0.567	-0.319	-0.874	-0.601	0.629	-0.645	0.206
chr15:40485494-40490303	-0.711	-0.716	-0.741	-0.755	-0.591	-0.827	-0.835	-0.670	0.128
chr15:40600842-40602672	-0.416	-0.681	-0.645	-0.470	-0.831	-0.892	-0.562	-0.871	-0.148
chr15:42818301-42819170	-0.077	-0.109	-0.514	-0.509	-0.333	-0.455	-0.657	-0.337	-0.028
chr15:45022139-45024271	-0.519	-0.646	-0.517	-0.658	-0.765	-0.775	-0.621	-0.671	0.117
chr15:45034173-45036743	0.618	0.327	0.670	0.651	0.446	0.722	0.712	0.572	-0.240
chr15:49276999-49278238	-0.377	-0.575	-0.910	-0.834	-0.622	-0.613	-0.418	-0.374	-0.023
chr15:50508776-50510089	0.148	-0.361	-0.450	-0.517	-0.483	-0.712	-0.520	-0.530	0.062
chr15:53540208-53541300	-0.671	0.481	-0.356	-0.553	-0.635	-0.642	-0.223	-0.791	-0.094
chr15:53978057-53979700	-0.740	-0.751	-0.869	-0.559	-0.703	-0.693	-0.538	-0.641	0.136
chr15:76337168-76338833	-0.266	-0.306	0.271	-0.478	-0.373	-0.152	-0.259	-0.389	-0.054
chr15:76339227-76343646	-0.558	-0.860	-0.671	-0.461	-0.721	-0.567	-0.359	-0.343	-0.168
chr15:77631454-77633435	-0.319	-0.311	-0.394	-0.074	-0.466	-0.351	-0.358	-0.422	0.131
chr15:79089218-79092088	-0.511	-0.430	-0.274	-0.220	-0.568	-0.545	-0.309	-0.236	0.074
chr15:88769266-88770321	-0.478	-0.409	-0.475	-0.498	-0.492	-0.478	-0.101	-0.679	-0.059
chr15:89404434-89408391	-0.536	-0.578	-0.613	-0.649	-0.451	-0.351	-0.510	-0.517	-0.336
chr15:92654318-92656227	-0.555	-0.768	-0.518	-0.546	-0.777	-0.540	-0.637	-0.767	0.196
chr15:93071405-93074172	-0.199	-0.846	-0.644	-0.748	-0.873	-0.786	-0.137	-0.644	0.275
chr15:96947336-96948721	-0.562	-0.240	-0.535	-0.751	-0.308	-0.696	-0.658	-0.759	-0.141
chr15:98851918-98853445	-0.416	0.240	-0.399	-0.363	-0.309	-0.332	-0.322	0.057	0.027
chr15:98864844-98867267	0.196	-0.876	-0.411	-0.573	-0.571	-0.287	-0.267	-0.572	-0.742
chr15:101086130-101086619	-0.347	-0.346	0.073	-0.098	-0.477	-0.158	-0.207	-0.228	-0.040
chr16:806733-808600	-0.541	-0.685	-0.556	-0.305	-0.824	-0.542	-0.467	-0.715	-0.718
chr16:813240-813884	-0.113	-0.318	-0.073	0.051	-0.517	-0.282	-0.357	-0.560	-0.336
chr16:1841808-1843477	-0.235	-0.322	-0.752	-0.464	-0.736	-0.794	-0.523	-0.718	-0.126
chr16:3428864-3442090	-0.583	-0.789	-0.699	-0.445	-0.834	-0.816	0.419	-0.800	-0.884
chr16:3442318-3444463	0.437	0.429	0.599	0.740	0.668	0.807	0.365	0.584	0.821
chr16:3444667-3453763	-0.549	-0.610	-0.633	-0.577	-0.709	-0.726	-0.507	-0.339	-0.685
chr16:6017605-6021818	-0.486	-0.628	-0.315	-0.434	-0.716	-0.573	-0.455	-0.633	-0.270
chr16:8569458-8570423	-0.484	-0.391	0.089	0.300	-0.277	-0.406	-0.419	-0.505	0.130
chr16:30804867-30807960	-0.670	0.313	-0.574	-0.346	-0.529	-0.916	-0.516	-0.331	0.353
chr16:48360026-48366826	-0.844	-0.712	-0.333	-0.505	-0.736	-0.651	-0.911	-0.768	-0.210
chr16:53791753-53792667	0.175	-0.497	-0.362	-0.482	-0.236	-0.222	-0.550	-0.637	0.125
chr16:61981543-61982760	-0.474	-0.276	-0.420	-0.505	-0.668	-0.597	-0.176	-0.518	-0.308
chr16:66603379-66606173	0.360	-0.709	-0.318	-0.598	-0.634	-0.541	-0.862	-0.490	-0.177
chr16:68529513-68530953	-0.683	-0.271	-0.630	-0.242	0.112	0.160	0.325	-0.116	-0.139
chr16:68538387-68540251	-0.204	-0.696	-0.495	-0.757	-0.760	-0.635	0.426	-0.461	0.166
chr16:74700332-74700987	-0.180	-0.382	-0.206	-0.263	-0.211	-0.388	-0.122	-0.664	-0.005
chr16:76234626-76235773	-0.377	-0.653	-0.706	-0.450	0.329	-0.248	-0.253	-0.624	0.075
chr16:76619152-76619918	-0.582	-0.335	-0.733	-0.357	-0.439	-0.293	-0.163	-0.549	0.178
chr16:76634456-76635253	-0.772	-0.710	-0.761	-0.474	-0.795	-0.780	-0.561	-0.745	0.090
chr16:78927751-78928555	-0.461	-0.133	-0.565	-0.377	-0.670	-0.415	-0.499	-0.231	-0.292
chr16:89256329-89258177	-0.539	-0.283	-0.353	-0.346	-0.736	-0.335	-0.330	-0.706	-0.133
chr17:409470-410969	-0.689	-0.358	-0.906	-0.810	-0.766	-0.867	-0.900	-0.723	0.116
chr17:5122232-5123767	-0.569	-0.252	-0.775	-0.367	-0.612	-0.645	-0.562	-0.611	-0.423
chr17:32822266-32823316	-0.824	-0.650	-0.901	-0.696	-0.891	-0.917	-0.501	-0.597	-0.047
chr17:34039132-34040476	-0.557	-0.330	-0.491	-0.727	-0.403	-0.581	-0.676	-0.643	0.091
chr17:44004045-44006519	-0.723	-0.256	-0.888	-0.215	-0.317	-0.603	-0.685	-0.662	-0.053
chr17:68599790-68601687	-0.912	-0.855	-0.652	-0.725	-0.485	-0.839	-0.892	-0.882	0.165
chr17:73951660-73954801	-0.489	-0.651	-0.436	-0.554	-0.647	-0.776	-0.495	-0.670	-0.127
chr17:74859124-74861984	-0.598	-0.712	-0.438	-0.472	-0.615	-0.572	-0.255	-0.674	-0.077
chr17:76869167-76870544	-0.397	-0.520	-0.185	-0.552	-0.467	-0.306	-0.150	-0.677	0.123
chr17:77527815-77529821	-0.648	0.077	-0.650	-0.417	-0.268	-0.640	-0.409	-0.670	-0.142
chr17:81395790-81397880	0.663	-0.100	-0.136	-0.087	0.431	-0.143	-0.251	0.142	0.068
chr17:81397944-81400643	-0.801	-0.562	-0.546	-0.617	-0.544	-0.700	-0.585	-0.686	0.295
chr18:2905660-2907711	-0.248	-0.691	-0.560	-0.419	-0.868	-0.827	-0.208	-0.614	0.062
chr18:3878917-3880243	-0.431	-0.267	-0.449	-0.390	-0.454	-0.573	-0.403	-0.200	-0.129
chr18:12419660-12421133	-0.433	-0.841	-0.583	-0.596	-0.527	-0.596	-0.442	-0.642	-0.110
chr18:35376409-35378997	-0.816	-0.539	-0.598	-0.711	-0.720	-0.828	-0.711	-0.726	-0.337
chr18:36760364-36761013	-0.186	-0.634	-0.532	-0.511	-0.334	-0.289	-0.360	-0.146	-0.031
chr18:57121340-57122273	-0.578	-0.378	-0.171	-0.393	-0.452	-0.431	-0.355	-0.448	0.263
chr18:57146794-57147608	-0.771	-0.525	-0.284	-0.595	-0.437	-0.667	-0.583	-0.688	0.099
chr18:57351559-57355008	-0.651	-0.735	-0.563	-0.710	-0.612	-0.507	-0.388	-0.587	-0.238
chr18:57427402-57432421	-0.473	-0.381	-0.688	-0.409	-0.375	-0.637	-0.587	-0.390	0.440
chr18:57432860-57439393	-0.708	-0.505	-0.597	-0.516	-0.829	-0.490	-0.699	-0.508	0.209
chr18:62384637-62385231	-0.214	-0.473	-0.203	-0.500	-0.496	0.245	-0.448	-0.488	0.021
chr18:80147167-80149254	-0.925	-0.904	-0.793	-0.806	-0.804	-0.769	-0.440	-0.917	-0.933
chr18:80159531-80160916	-0.814	-0.580	-0.830	-0.327	-0.436	-0.387	-0.645	-0.426	-0.091
chr19:610525-614384	-0.354	-0.427	-0.506	-0.522	-0.435	-0.448	-0.255	-0.257	-0.715
chr19:615461-616919	-0.483	-0.469	-0.715	-0.495	-0.529	-0.558	-0.611	-0.240	-0.735
chr19:1464927-1467915	-0.760	-0.667	-0.514	-0.342	-0.593	-0.463	-0.475	-0.453	-0.337
chr19:10188395-10195876	-0.845	-0.769	-0.801	-0.788	-0.752	-0.822	-0.712	-0.779	0.122
chr19:12656696-12657732	-0.169	-0.327	-0.492	-0.637	-0.393	-0.373	-0.327	-0.618	-0.016
chr19:17327440-17330163	-0.574	-0.831	-0.897	-0.767	-0.826	-0.871	-0.721	-0.753	0.272
chr19:34576932-34579105	-0.650	-0.544	-0.684	-0.479	-0.489	-0.383	-0.451	-0.467	-0.230
chr19:36281016-36282376	-0.601	-0.470	0.527	-0.274	0.227	-0.479	0.155	-0.216	-0.056
chr19:36286266-36287284	0.092	-0.388	-0.084	0.168	0.170	-0.735	0.104	0.076	0.077
chr19:37333878-37335115	-0.136	-0.859	-0.645	-0.867	0.115	-0.279	-0.661	-0.593	0.832
chr19:39832436-39834764	-0.211	-0.584	-0.222	-0.735	-0.297	-0.838	-0.390	-0.405	0.173
chr19:40213156-40215810	-0.274	-0.614	-0.431	-0.563	-0.342	-0.192	-0.312	-0.545	0.056
chr19:49808518-49809937	-0.719	-0.618	-0.763	-0.553	-0.408	-0.504	-0.466	-0.595	-0.082
chr19:52491955-52494351	-0.256	-0.808	-0.342	-0.722	-0.799	-0.741	-0.807	-0.729	-0.300
chr19:52535032-52537586	-0.431	-0.404	-0.599	-0.284	-0.797	-0.452	-0.577	-0.397	0.377
chr19:53536664-53540216	-0.908	-0.897	-0.896	-0.807	-0.803	-0.905	-0.759	-0.883	-0.896
chr19:53646141-53659192	-0.877	-0.900	-0.924	-0.894	-0.831	-0.924	-0.876	-0.820	0.223
chr19:53659654-53698074	-0.877	-0.839	-0.763	-0.899	-0.800	-0.808	-0.824	-0.706	-0.361
chr19:53698696-53707263	-0.427	-0.518	-0.411	-0.657	-0.457	-0.547	-0.414	-0.585	-0.195
chr19:53708081-53726696	-0.576	-0.427	-0.452	-0.494	-0.567	-0.573	-0.509	-0.542	0.239
chr19:53735280-53745585	-0.258	-0.321	-0.628	-0.288	-0.392	-0.424	-0.420	-0.691	0.290
chr19:56835964-56842264	-0.914	-0.816	-0.922	-0.892	-0.613	-0.895	-0.803	-0.828	-0.795
chr19:57707993-57709643	-0.659	-0.829	-0.272	-0.187	-0.741	-0.103	-0.113	-0.289	-0.338
chr2:1055549-1057519	-0.735	-0.601	-0.704	-0.863	-0.507	-0.256	-0.704	-0.685	-0.074
chr2:6237991-6239650	-0.662	-0.342	-0.795	-0.716	0.113	-0.894	0.313	-0.831	-0.149
chr2:10010811-10016401	0.413	0.575	0.580	0.560	0.647	0.677	0.794	0.602	0.048
chr2:11592426-11593395	-0.637	-0.109	-0.570	-0.369	-0.498	-0.390	-0.435	-0.444	0.111
chr2:19350325-19354071	-0.565	-0.474	-0.340	-0.463	-0.509	-0.549	-0.276	-0.428	0.396
chr2:22098994-22100007	-0.360	-0.485	-0.549	-0.451	-0.471	-0.705	-0.217	-0.347	0.057
chr2:27261053-27265445	-0.571	-0.401	0.279	-0.440	-0.416	-0.199	-0.567	-0.539	0.119
chr2:27304800-27308875	-0.581	-0.499	0.448	-0.536	-0.494	-0.622	-0.675	-0.584	0.290
chr2:29919496-29921784	-0.382	-0.440	-0.456	0.190	-0.610	-0.642	-0.223	-0.472	-0.189
chr2:31579532-31582027	-0.174	-0.347	-0.499	0.192	-0.596	-0.754	-0.749	-0.692	-0.321
chr2:40566707-40567278	-0.587	-0.514	-0.276	-0.686	-0.569	-0.580	-0.272	-0.574	-0.035
chr2:41840798-41841508	-0.710	-0.460	-0.235	-0.286	-0.539	-0.105	-0.131	-0.359	0.045
chr2:45003062-45007666	-0.393	-0.597	-0.717	-0.577	-0.456	-0.604	-0.599	-0.522	-0.171
chr2:46426571-46430829	-0.816	-0.862	-0.784	0.756	-0.765	-0.934	-0.657	-0.585	0.226
chr2:46499505-46501730	0.374	0.260	0.503	0.600	0.794	0.248	0.581	0.311	0.065
chr2:51042002-51042534	-0.533	-0.600	-0.607	-0.591	-0.662	-0.697	-0.515	0.142	0.047
chr2:53767131-53768572	-0.762	0.128	-0.931	-0.564	0.045	-0.795	-0.702	-0.752	-0.013
chr2:62505314-62506900	-0.860	-0.803	-0.590	-0.434	-0.650	-0.797	-0.851	-0.769	0.218
chr2:70764998-70768625	-0.271	-0.540	-0.432	-0.377	-0.751	-0.214	-0.549	-0.616	-0.146
chr2:73291236-73294459	-0.677	-0.570	-0.609	-0.587	-0.461	-0.779	-0.614	-0.748	0.147
chr2:74119741-74120886	-0.711	-0.680	-0.594	-0.573	-0.650	-0.285	-0.681	-0.758	0.032
chr2:76885484-76885759	-0.614	-0.521	-0.255	-0.562	-0.674	-0.808	-0.397	-0.678	-0.010
chr2:78777951-78779640	-0.564	-0.676	-0.269	-0.679	-0.431	-0.655	-0.590	-0.636	-0.127
chr2:81408394-81408900	-0.465	-0.596	-0.389	-0.689	-0.658	-0.589	-0.297	-0.598	0.083
chr2:84290346-84291103	-0.471	-0.529	-0.482	-0.157	-0.568	-0.520	-0.509	-0.288	0.190
chr2:105850953-105853362	-0.769	-0.683	-0.503	-0.383	-0.537	-0.788	-0.627	-0.731	0.240
chr2:112159397-112161153	-0.454	-0.704	-0.454	-0.564	-0.638	-0.698	-0.121	-0.721	-0.211
chr2:114661422-114662922	-0.453	-0.428	0.238	-0.658	0.256	-0.670	-0.719	-0.506	0.096
chr2:118185752-118186876	-0.691	-0.645	-0.640	-0.590	-0.726	-0.618	-0.698	-0.709	-0.124
chr2:118223165-118225052	-0.519	-0.608	-0.381	-0.491	-0.744	-0.730	-0.489	-0.630	-0.054
chr2:127663831-127665089	-0.574	-0.335	-0.438	-0.342	-0.359	-0.300	-0.442	-0.535	-0.370
chr2:132644901-132645788	-0.221	-0.707	-0.496	-0.491	-0.549	-0.420	-0.802	-0.140	-0.189
chr2:133265042-133268994	-0.522	-0.203	-0.814	-0.478	-0.621	-0.710	-0.559	-0.774	0.055
chr2:136764293-136767255	-0.423	-0.477	-0.518	-0.669	-0.721	-0.676	-0.532	-0.687	-0.358
chr2:140511323-140511695	-0.644	-0.516	-0.811	-0.786	-0.741	-0.870	-0.642	-0.748	-0.072
chr2:146829730-146834679	-0.599	-0.684	-0.592	-0.544	0.627	-0.825	-0.665	-0.506	0.147
chr2:146921670-146922904	-0.385	-0.639	-0.778	-0.294	-0.742	-0.865	-0.797	-0.311	-0.141
chr2:148887471-148888707	-0.689	-0.546	-0.175	-0.513	-0.586	-0.724	0.234	-0.586	0.110
chr2:153554642-153555488	-0.377	-0.546	-0.543	-0.461	-0.690	-0.479	-0.157	-0.518	0.096
chr2:153803169-153803983	-0.612	-0.520	-0.373	-0.477	-0.667	-0.405	-0.616	-0.527	-0.156
chr2:154050913-154051691	-0.350	-0.535	-0.595	-0.377	-0.445	-0.738	-0.218	-0.377	0.049
chr2:154569962-154570815	-0.640	-0.467	-0.495	-0.528	-0.503	-0.493	-0.760	-0.566	0.118
chr2:154576173-154578292	-0.418	-0.284	-0.567	-0.457	-0.518	-0.333	-0.302	-0.547	-0.131
chr2:157118065-157119027	-0.348	-0.322	-0.493	-0.651	-0.732	-0.518	-0.690	-0.372	-0.015
chr2:165047097-165047881	-0.513	-0.309	-0.643	-0.554	-0.551	-0.573	-0.460	-0.638	-0.040
chr2:165485951-165486422	0.230	0.557	0.535	0.319	0.196	0.284	0.475	0.553	-0.070
chr2:167715704-167716475	-0.686	-0.650	-0.509	-0.601	-0.557	-0.651	-0.639	-0.641	0.123
chr2:170818357-170824204	-0.653	-0.725	-0.760	-0.675	-0.739	-0.709	-0.491	-0.554	0.350
chr2:176176786-176178813	-0.612	-0.485	-0.556	-0.160	0.393	-0.519	-0.221	-0.565	-0.341
chr2:176633093-176634153	-0.632	-0.590	-0.339	-0.268	-0.703	0.361	-0.178	-0.591	0.114
chr2:189925059-189926877	-0.782	-0.562	-0.592	0.396	-0.361	-0.683	0.636	-0.480	0.405
chr2:191835309-191836692	-0.666	-0.661	-0.525	-0.691	-0.380	-0.531	0.671	-0.691	-0.171
chr2:192840792-192841529	-0.564	-0.490	-0.563	-0.617	-0.581	-0.460	-0.278	-0.344	-0.075
chr2:193217795-193218410	0.148	0.181	0.664	0.642	0.619	0.442	0.714	0.227	0.052
chr2:196068542-196069430	-0.441	-0.652	-0.563	-0.372	-0.600	-0.780	0.123	-0.596	-0.261
chr2:202773779-202774641	-0.560	-0.332	-0.364	-0.782	-0.516	-0.714	-0.088	-0.742	-0.069
chr2:202827694-202829753	-0.581	-0.684	-0.438	-0.805	-0.661	-0.632	-0.755	-0.774	0.084
chr2:206050118-206051538	-0.294	-0.681	-0.281	-0.580	-0.450	-0.753	-0.466	-0.702	-0.018
chr2:206201827-206204837	-0.839	-0.796	-0.926	-0.827	-0.528	-0.782	-0.793	-0.683	0.128
chr2:206249398-206273948	0.745	0.898	0.873	0.741	0.717	0.772	0.910	0.719	0.909
chr2:209208311-209209889	-0.333	-0.751	-0.267	-0.141	-0.204	-0.773	-0.191	-0.587	-0.136
chr2:211071472-211073345	-0.726	0.531	0.643	-0.593	-0.422	-0.768	-0.423	-0.649	-0.097
chr2:213737219-213737856	-0.405	-0.570	-0.753	-0.399	-0.432	-0.698	-0.373	-0.471	0.041
chr2:225039965-225044353	-0.500	-0.768	-0.625	-0.720	-0.727	-0.574	-0.677	-0.623	0.312
chr2:229937843-229940533	-0.724	-0.483	-0.598	-0.879	-0.823	-0.729	0.204	-0.627	0.065
chr2:231255587-231256764	-0.796	-0.362	-0.574	-0.684	-0.728	-0.770	-0.548	-0.648	-0.111
chr2:232350700-232352970	-0.410	-0.418	-0.748	-0.688	-0.598	-0.638	-0.694	-0.773	0.207
chr2:240519183-240521561	-0.269	-0.322	-0.739	-0.660	-0.386	-0.749	-0.551	-0.509	0.444
chr2:240556719-240558483	-0.725	-0.813	-0.883	-0.093	-0.837	-0.902	0.126	-0.246	-0.198
chr20:6212804-6213838	-0.605	-0.585	-0.362	-0.611	-0.213	-0.596	-0.323	-0.733	-0.064
chr20:31546621-31548772	-0.940	-0.506	-0.613	-0.911	-0.872	-0.828	-0.735	-0.906	-0.920
chr20:33666409-33668264	-0.911	-0.314	-0.800	-0.802	-0.797	-0.910	-0.606	-0.269	0.014
chr20:35277056-35278648	-0.678	-0.100	-0.146	0.271	-0.840	0.103	-0.775	-0.132	-0.133
chr20:36048724-36051764	-0.481	-0.859	-0.145	-0.898	-0.563	-0.823	-0.592	-0.754	0.317
chr20:41316335-41318574	0.048	-0.467	-0.330	-0.668	-0.347	-0.845	-0.582	-0.693	-0.068
chr20:41996856-42000213	-0.532	-0.483	-0.574	-0.424	-0.423	-0.568	-0.562	-0.378	-0.146
chr20:43513364-43515520	-0.897	-0.564	-0.845	-0.840	-0.874	-0.889	-0.709	-0.883	-0.839
chr20:46250763-46252008	-0.317	-0.625	-0.338	-0.476	-0.261	-0.343	-0.575	-0.676	-0.068
chr20:52175190-52177063	-0.505	-0.441	-0.120	-0.599	-0.735	-0.569	-0.745	-0.619	-0.025
chr20:54171201-54174933	-0.473	-0.767	-0.591	-0.835	-0.750	-0.584	-0.610	-0.560	-0.185
chr20:58850102-58856590	-0.805	-0.903	-0.612	-0.912	-0.725	-0.821	-0.682	-0.893	-0.894
chr20:58888050-58890464	-0.366	-0.319	0.319	0.243	0.447	0.144	0.410	0.490	-0.931
chr20:61519171-61529032	-0.481	0.259	-0.617	-0.431	-0.576	-0.489	-0.450	-0.409	-0.224
chr20:61801894-61812260	-0.452	-0.591	-0.516	-0.375	-0.512	-0.426	-0.407	-0.381	0.315
chr20:61867527-61884579	-0.509	-0.436	-0.464	-0.404	-0.437	-0.619	-0.440	-0.421	-0.152
chr20:63559857-63567606	0.229	0.586	0.481	0.740	0.565	0.502	0.594	0.400	-0.233
chr20:63807404-63809469	-0.423	-0.359	-0.493	-0.594	-0.544	-0.121	-0.459	-0.622	0.047
chr21:14062294-14065205	-0.547	-0.754	-0.196	-0.539	-0.624	-0.219	-0.252	-0.158	0.105
chr21:25561349-25562688	-0.313	-0.412	-0.676	-0.338	-0.624	-0.813	-0.212	-0.793	-0.045
chr21:31946652-31947569	-0.088	-0.457	-0.711	-0.157	-0.287	-0.547	-0.871	-0.584	-0.036
chr21:36069805-36070677	-0.446	-0.050	-0.752	0.021	-0.033	-0.843	-0.788	-0.256	0.090
chr21:40084899-40104103	0.667	0.670	0.671	0.956	0.575	0.753	0.438	0.601	-0.307
chr21:40232365-40253228	0.649	0.922	0.694	0.758	0.541	0.816	0.516	0.403	-0.234
chr21:40426380-40465570	-0.953	0.728	0.711	0.711	-0.828	0.817	0.697	0.741	0.250
chr21:40840674-40842693	-0.566	-0.562	-0.759	-0.650	-0.433	-0.598	-0.571	-0.557	-0.190
chr21:40845746-40847927	-0.306	-0.546	-0.739	-0.764	-0.627	-0.431	-0.682	-0.680	-0.098
chr22:16608452-16611080	-0.745	-0.728	-0.839	-0.842	-0.820	-0.516	0.780	-0.881	0.239
chr22:24155318-24157142	-0.899	-0.594	-0.625	-0.443	-0.719	-0.837	-0.774	-0.353	0.021
chr22:39659776-39663169	-0.724	-0.385	-0.713	-0.572	-0.728	-0.581	-0.588	-0.545	0.312
chr22:41681511-41683457	-0.409	-0.425	-0.760	-0.928	-0.323	-0.865	-0.809	-0.310	-0.951
chr22:43833836-43835623	-0.530	-0.718	-0.201	-0.344	-0.592	-0.292	-0.515	-0.526	-0.170
chr22:45970846-45972892	-0.736	-0.880	-0.670	-0.355	-0.719	-0.344	-0.241	-0.531	-0.128
chr22:49670099-49673265	-0.616	-0.472	-0.620	-0.400	-0.578	0.344	-0.623	-0.465	-0.281
chr22:49673613-49677776	-0.718	-0.465	-0.391	-0.296	-0.330	-0.310	-0.375	-0.337	-0.089
chr22:50696077-50698368	-0.463	-0.592	-0.595	-0.491	-0.592	-0.510	-0.444	-0.527	-0.067
chr3:6507146-6508777	-0.594	-0.572	-0.456	-0.649	-0.482	-0.751	-0.765	-0.470	-0.231
chr3:6631873-6649094	0.531	0.776	0.866	0.557	0.603	0.825	0.853	0.930	0.422
chr3:6704382-6719843	0.797	0.603	0.790	0.859	0.584	0.935	0.796	0.941	0.485
chr3:6720805-6730897	0.642	0.744	0.740	0.726	0.664	0.790	0.670	0.640	-0.380
chr3:12809869-12810895	-0.631	-0.809	-0.732	-0.785	-0.854	-0.204	-0.322	-0.802	0.209
chr3:17876550-17877842	-0.337	-0.462	-0.353	-0.627	-0.775	-0.544	-0.328	-0.656	-0.096
chr3:22328529-22329177	-0.818	-0.641	-0.313	-0.755	-0.663	-0.712	-0.420	-0.652	0.101
chr3:23069315-23070020	0.133	-0.687	-0.163	-0.419	-0.684	-0.859	-0.891	-0.657	-0.055
chr3:25072070-25073268	-0.714	-0.407	-0.453	-0.407	-0.437	-0.572	-0.815	-0.209	-0.178
chr3:27462531-27465283	-0.685	-0.885	-0.888	-0.073	-0.872	-0.834	-0.892	-0.664	-0.031
chr3:30894578-30895039	-0.719	-0.113	-0.191	0.105	-0.617	-0.382	-0.035	-0.299	0.066
chr3:39501847-39503099	-0.403	-0.568	-0.154	-0.547	-0.502	-0.615	-0.354	-0.267	-0.390
chr3:42978539-42980180	-0.590	-0.516	-0.079	0.533	-0.743	-0.072	-0.841	-0.728	0.135
chr3:44021509-44022683	-0.567	-0.579	-0.556	-0.595	-0.609	-0.649	-0.565	-0.482	-0.276
chr3:44580773-44581612	0.136	0.658	0.608	0.266	0.616	0.535	0.658	0.129	0.087
chr3:49276138-49277831	-0.871	-0.629	-0.875	-0.493	-0.684	-0.356	-0.895	-0.177	-0.489
chr3:57774655-57775889	-0.736	-0.798	-0.399	-0.755	-0.650	-0.486	-0.385	-0.337	-0.014
chr3:63278075-63279602	-0.519	-0.441	-0.453	-0.313	-0.662	-0.446	-0.461	-0.075	-0.139
chr3:65548659-65550525	0.660	-0.879	0.456	-0.706	-0.694	-0.808	0.493	-0.497	0.262
chr3:72928668-72929587	-0.800	-0.317	-0.746	-0.755	-0.574	-0.653	-0.483	-0.715	-0.151
chr3:75906251-75907540	-0.500	-0.383	-0.397	-0.630	-0.755	-0.333	-0.419	-0.334	0.149
chr3:77038824-77040876	-0.427	-0.228	-0.293	0.113	-0.595	-0.607	-0.466	-0.585	-0.105
chr3:104502519-104503608	-0.242	-0.465	-0.440	-0.501	-0.493	-0.504	-0.384	-0.448	-0.026
chr3:113440750-113442329	-0.602	-0.466	-0.718	-0.780	-0.820	-0.744	-0.821	-0.627	-0.409
chr3:121839328-121840921	-0.805	-0.318	-0.803	-0.496	-0.650	-0.753	-0.664	-0.510	-0.019
chr3:128617209-128618666	-0.910	-0.551	-0.889	-0.906	-0.901	-0.356	-0.472	-0.780	0.497
chr3:142568086-142569340	-0.381	-0.614	-0.068	-0.340	-0.541	-0.401	-0.696	-0.431	0.046
chr3:151061425-151062408	-0.823	-0.477	-0.740	-0.681	0.182	-0.609	-0.799	-0.225	0.053
chr3:151460761-151461600	-0.379	-0.307	-0.676	-0.291	-0.794	-0.536	-0.185	-0.745	0.565
chr3:169659832-169664001	-0.637	-0.660	-0.140	0.238	-0.711	-0.507	-0.741	-0.441	-0.042
chr3:169667210-169670010	-0.729	-0.151	-0.311	-0.198	-0.827	0.159	-0.689	-0.708	0.211
chr3:170062138-170063260	-0.495	-0.459	0.220	-0.402	-0.441	-0.567	-0.479	-0.345	0.026
chr3:171027986-171029214	-0.487	-0.387	-0.062	-0.712	-0.629	-0.226	-0.366	-0.603	-0.155
chr3:173444986-173445261	-0.271	-0.455	-0.739	-0.503	-0.466	-0.850	-0.389	-0.712	-0.035
chr3:173583971-173586152	-0.872	-0.492	-0.828	-0.610	-0.820	-0.808	-0.576	-0.658	-0.192
chr3:183097936-183100357	-0.757	-0.876	-0.616	-0.767	-0.706	-0.891	-0.885	-0.796	0.058
chr3:186193011-186194288	-0.592	-0.063	-0.763	-0.281	0.152	-0.334	-0.264	-0.450	-0.522
chr3:191618164-191618939	-0.530	-0.215	-0.424	-0.556	-0.367	-0.161	-0.514	-0.560	0.084
chr3:192407054-192410932	-0.857	-0.717	-0.764	-0.716	-0.813	-0.631	-0.459	-0.787	-0.089
chr3:192714294-192715058	0.086	-0.329	-0.863	-0.592	-0.299	-0.439	-0.615	-0.496	-0.084
chr3:197002169-197004053	-0.520	-0.768	-0.487	-0.635	-0.791	-0.572	-0.633	-0.809	0.343
chr3:197028655-197030028	-0.315	-0.390	-0.504	-0.536	-0.540	-0.503	-0.343	-0.533	-0.091
chr4:758625-760402	-0.815	-0.549	-0.599	-0.674	-0.762	-0.767	-0.650	-0.625	-0.080
chr4:2364230-2365498	-0.681	0.116	-0.653	-0.698	-0.706	-0.218	-0.289	-0.546	-0.157
chr4:2817413-2819058	-0.656	-0.352	-0.230	-0.797	-0.313	-0.475	-0.524	-0.794	-0.117
chr4:4574492-4576634	-0.470	-0.672	-0.512	-0.337	-0.248	-0.892	-0.250	-0.776	0.179
chr4:6007636-6008873	-0.616	-0.674	-0.523	-0.467	-0.711	-0.720	-0.490	-0.664	-0.176
chr4:6104930-6106512	-0.714	-0.639	-0.622	-0.728	-0.672	-0.829	-0.790	-0.380	-0.578
chr4:8580927-8582209	-0.705	-0.462	-0.631	-0.359	-0.650	-0.588	-0.375	-0.652	0.063
chr4:8856355-8859037	-0.629	0.426	-0.756	-0.180	-0.340	-0.318	-0.441	0.174	0.157
chr4:8864223-8869070	-0.754	-0.484	-0.823	-0.355	-0.635	-0.684	-0.506	-0.649	-0.171
chr4:13540813-13542774	-0.780	0.264	-0.700	-0.711	-0.850	-0.283	-0.178	0.177	0.112
chr4:17640846-17642788	-0.621	-0.460	-0.814	-0.735	-0.672	-0.862	-0.523	-0.728	0.115
chr4:18319076-18319888	-0.581	-0.706	-0.366	-0.561	-0.484	-0.373	-0.304	-0.796	0.434
chr4:24469442-24473806	-0.379	-0.799	-0.162	-0.116	-0.889	-0.858	-0.828	-0.724	-0.217
chr4:53328549-53330388	0.134	-0.418	0.157	-0.412	-0.839	-0.633	-0.172	-0.477	0.070
chr4:53363442-53364319	-0.560	-0.592	-0.715	-0.388	-0.777	-0.825	-0.786	-0.745	-0.165
chr4:67445998-67446696	-0.827	-0.714	-0.675	-0.462	-0.633	-0.708	-0.086	-0.464	0.047
chr4:88696316-88698397	-0.911	-0.906	-0.362	-0.882	-0.687	-0.854	-0.933	-0.733	-0.913
chr4:88893290-88894194	-0.457	-0.750	-0.484	-0.669	-0.783	-0.777	-0.747	-0.724	0.056
chr4:90782179-90783081	-0.570	-0.618	-0.190	-0.394	-0.757	-0.589	-0.766	-0.350	0.062
chr4:92107166-92109337	-0.537	-0.570	-0.628	-0.736	-0.499	-0.753	-0.322	-0.491	-0.154
chr4:92303116-92306607	-0.662	-0.808	-0.536	-0.737	-0.773	-0.631	-0.827	-0.711	-0.069
chr4:93126619-93126875	-0.450	-0.725	-0.598	-0.093	-0.555	-0.606	-0.616	-0.332	-0.010
chr4:94340176-94341315	-0.533	0.066	-0.309	-0.714	-0.306	-0.833	-0.742	-0.100	-0.059
chr4:104853479-104855417	-0.664	-0.528	0.663	-0.781	-0.143	-0.632	-0.537	-0.636	-0.099
chr4:106525338-106526100	-0.242	-0.478	-0.640	-0.176	-0.194	-0.670	-0.257	-0.514	0.069
chr4:125754366-125754915	-0.252	-0.629	-0.664	-0.480	-0.266	-0.448	-0.387	-0.526	0.060
chr4:138552797-138553742	-0.611	0.197	-0.723	-0.614	-0.531	-0.358	-0.454	-0.573	0.047
chr4:146638426-146641181	-0.198	0.620	-0.490	-0.551	-0.536	-0.570	-0.563	-0.486	-0.224
chr4:146662882-146664262	-0.069	-0.117	0.499	0.816	0.094	0.508	0.247	0.165	-0.288
chr4:153681963-153686214	-0.502	-0.833	-0.429	-0.779	-0.794	-0.684	-0.680	-0.853	-0.266
chr4:153786512-153793423	-0.738	-0.822	-0.618	-0.808	-0.841	-0.411	-0.587	-0.818	0.165
chr4:164283505-164287453	-0.526	0.789	0.421	0.740	0.885	-0.579	-0.804	-0.626	0.208
chr4:164311911-164312877	-0.755	-0.258	-0.342	-0.627	-0.514	-0.531	-0.534	-0.507	-0.124
chr4:168877126-168879616	-0.797	-0.666	-0.794	-0.893	-0.350	-0.541	-0.826	-0.749	0.718
chr4:169774463-169775523	-0.780	-0.505	-0.652	-0.282	-0.602	0.190	-0.326	-0.738	-0.182
chr4:169781455-169790883	-0.559	-0.589	-0.619	-0.486	-0.602	-0.557	-0.553	-0.535	0.237
chr4:175816446-175817900	-0.328	-0.405	-0.345	-0.348	-0.256	-0.597	-0.243	-0.563	-0.216
chr4:176691614-176692604	-0.533	0.108	-0.626	-0.737	0.161	-0.457	-0.743	-0.557	-0.118
chr4:180602342-180605619	0.444	0.327	-0.514	0.466	-0.714	-0.522	-0.538	-0.572	0.146
chr4:181447526-181449740	-0.532	-0.579	-0.569	-0.319	-0.402	0.398	-0.506	-0.583	0.169
chr4:183509200-183510026	-0.528	0.080	-0.396	-0.864	-0.260	-0.737	-0.699	-0.496	-0.015
chr4:186143260-186145698	-0.724	-0.847	-0.538	-0.621	-0.794	-0.636	-0.761	-0.755	0.214
chr5:91320-92826	-0.735	-0.312	-0.479	-0.692	-0.693	-0.549	-0.455	-0.502	-0.354
chr5:372999-374528	-0.693	-0.510	-0.643	-0.355	-0.615	-0.575	-0.510	-0.742	0.165
chr5:1593755-1595463	-0.911	0.114	-0.811	-0.908	-0.891	-0.725	-0.124	-0.900	-0.279
chr5:6772947-6775272	-0.619	-0.511	-0.423	-0.471	-0.493	-0.676	-0.510	-0.582	-0.619
chr5:10635201-10656124	-0.722	-0.741	-0.774	-0.630	-0.570	-0.687	-0.687	-0.579	0.325
chr5:11383791-11386026	-0.849	-0.753	-0.709	-0.301	-0.878	-0.713	-0.338	-0.836	-0.065
chr5:13809929-13810976	-0.639	-0.614	-0.521	-0.689	-0.647	-0.640	-0.558	-0.711	0.074
chr5:19161355-19161826	-0.167	0.544	0.515	0.713	0.609	0.642	0.190	0.583	0.049
chr5:37208278-37209483	-0.535	-0.271	-0.593	-0.733	-0.729	-0.774	-0.589	-0.752	-0.094
chr5:51373488-51379921	-0.626	-0.824	-0.436	-0.682	-0.705	-0.534	0.260	-0.462	-0.379
chr5:55821188-55822136	-0.775	-0.468	-0.284	-0.668	-0.143	-0.716	-0.677	-0.662	-0.142
chr5:59036366-59040964	-0.624	-0.383	-0.642	-0.740	-0.718	-0.540	-0.754	-0.748	0.298
chr5:64505832-64507416	-0.723	-0.473	-0.233	-0.701	-0.662	-0.659	-0.506	-0.452	-0.065
chr5:68287769-68289175	-0.332	-0.521	-0.477	-0.327	-0.416	-0.917	-0.369	-0.680	-0.115
chr5:79120978-79122235	-0.168	-0.830	-0.510	-0.789	-0.151	-0.392	-0.484	-0.362	0.278
chr5:79334781-79335725	-0.102	-0.283	-0.424	-0.068	-0.422	-0.449	-0.158	-0.631	-0.060
chr5:87269637-87282994	0.452	0.825	0.441	0.572	0.749	0.416	0.612	0.670	-0.294
chr5:87323024-87330097	0.407	0.560	0.919	0.452	0.668	0.787	0.535	0.500	0.286
chr5:95556601-95557008	-0.764	-0.807	-0.351	-0.408	-0.168	-0.743	-0.509	-0.732	0.027
chr5:95729222-95736248	-0.921	-0.916	-0.847	-0.810	-0.734	-0.742	-0.487	-0.852	-0.405
chr5:99195535-99218692	-0.584	-0.646	-0.590	-0.621	-0.646	-0.632	-0.678	-0.743	0.517
chr5:103561559-103563403	-0.759	-0.660	-0.732	-0.802	-0.730	-0.718	-0.820	-0.735	-0.622
chr5:103886403-103891530	-0.750	-0.581	0.536	-0.568	-0.686	-0.844	-0.694	-0.650	0.176
chr5:106613712-106615267	-0.763	-0.673	-0.313	-0.539	-0.531	-0.732	-0.636	-0.526	0.062
chr5:112737228-112738392	-0.190	-0.422	-0.780	-0.661	-0.793	-0.843	-0.474	-0.437	-0.181
chr5:116361156-116361998	-0.076	-0.615	-0.380	-0.445	-0.636	-0.260	-0.294	-0.318	-0.032
chr5:134482157-134484636	-0.832	0.377	0.119	-0.388	-0.807	-0.811	-0.694	-0.750	-0.061
chr5:140145564-140146405	-0.632	-0.631	-0.744	0.114	-0.525	-0.792	-0.632	-0.518	0.033
chr5:145217369-145218086	-0.841	-0.153	-0.659	-0.612	-0.400	-0.744	-0.598	-0.571	-0.057
chr5:147226492-147234183	-0.683	-0.609	-0.711	-0.501	-0.625	0.445	-0.524	-0.474	0.200
chr5:148059516-148060325	-0.391	-0.762	-0.529	-0.676	-0.645	-0.518	-0.604	-0.448	-0.062
chr5:156771327-156772163	-0.333	-0.443	-0.524	-0.161	-0.353	-0.574	-0.827	-0.671	0.039
chr5:156850124-156850973	-0.522	-0.551	-0.647	-0.477	-0.570	-0.657	-0.562	-0.584	-0.050
chr5:167858534-167859490	-0.592	-0.734	-0.429	-0.709	-0.725	-0.803	-0.736	-0.611	0.044
chr5:175871260-175873701	-0.473	-0.406	-0.436	-0.603	-0.438	-0.666	-0.296	-0.782	0.163
chr5:176192364-176195781	-0.492	0.323	-0.745	-0.648	-0.586	-0.526	0.499	-0.316	-0.378
chr5:176596007-176597892	-0.281	-0.710	-0.484	-0.208	-0.544	-0.724	0.207	-0.748	-0.275
chr5:176618680-176620852	-0.487	-0.541	-0.403	-0.524	-0.358	-0.580	-0.435	-0.461	0.285
chr5:176629156-176631268	-0.818	-0.650	-0.328	-0.453	-0.608	-0.787	-0.409	-0.675	0.149
chr5:178576015-178577524	-0.496	-0.269	-0.382	-0.768	0.394	-0.156	-0.563	-0.830	0.182
chr5:181058942-181060284	-0.798	-0.806	-0.324	-0.710	-0.635	-0.654	-0.340	-0.774	-0.270
chr6:1623761-1625568	-0.419	-0.618	-0.897	-0.681	-0.778	-0.836	-0.655	-0.558	-0.027
chr6:2874813-2876380	-0.523	-0.521	-0.550	-0.480	-0.240	-0.360	0.163	-0.769	0.061
chr6:3847802-3850601	-0.909	-0.859	-0.928	-0.706	-0.864	-0.843	-0.877	-0.706	-0.926
chr6:11059115-11060198	-0.546	-0.613	-0.656	-0.320	-0.400	-0.684	-0.648	-0.611	0.168
chr6:14116885-14118272	-0.859	-0.775	-0.587	-0.719	-0.786	-0.691	-0.713	-0.831	-0.089
chr6:16762098-16762893	-0.815	-0.445	-0.441	-0.038	-0.259	-0.193	0.016	0.028	-0.011
chr6:24125248-24126782	-0.664	-0.739	-0.405	-0.204	-0.416	-0.299	-0.618	-0.463	-0.240
chr6:26613653-26614899	-0.499	-0.585	-0.391	-0.466	-0.605	-0.134	-0.634	-0.704	-0.053
chr6:27826375-27828511	-0.847	-0.854	0.272	0.251	-0.739	-0.243	-0.321	-0.337	-0.540
chr6:28123113-28125205	-0.830	-0.217	-0.777	-0.754	0.108	-0.348	-0.683	-0.645	-0.206
chr6:37648581-37649886	-0.692	-0.770	-0.411	-0.641	-0.301	-0.414	-0.388	-0.720	0.115
chr6:39932819-39935035	-0.428	-0.545	-0.432	-0.626	-0.505	-0.753	-0.467	-0.683	-0.339
chr6:41100505-41101563	-0.302	-0.370	-0.371	-0.356	-0.408	-0.429	-0.614	-0.586	-0.023
chr6:41560265-41561395	0.109	-0.282	-0.425	-0.686	-0.717	-0.234	-0.228	-0.164	-0.117
chr6:43580323-43582063	-0.706	-0.060	-0.257	-0.893	-0.698	-0.742	-0.298	-0.562	0.030
chr6:71885782-71887634	-0.738	-0.501	-0.176	-0.680	-0.711	-0.658	-0.244	-0.207	-0.028
chr6:72994193-72994664	0.638	0.505	0.488	0.591	-0.463	0.497	0.365	0.471	-0.013
chr6:83275287-83276172	-0.639	-0.418	-0.432	-0.415	-0.444	0.208	-0.675	-0.251	-0.042
chr6:83430580-83431499	-0.297	-0.548	0.307	-0.249	-0.465	-0.277	-0.304	-0.547	0.168
chr6:85285655-85286957	-0.564	-0.521	-0.438	-0.636	-0.540	-0.444	-0.397	-0.526	0.063
chr6:95758405-95758885	0.162	0.403	0.283	0.626	0.402	-0.043	0.606	0.582	-0.067
chr6:102775827-102777529	-0.215	-0.405	-0.637	-0.532	-0.511	-0.387	-0.280	-0.427	0.125
chr6:103663345-103663574	-0.263	-0.812	-0.910	-0.720	-0.616	-0.764	-0.751	-0.847	-0.041
chr6:104935394-104940068	-0.929	-0.719	-0.905	-0.654	-0.865	-0.769	-0.910	-0.879	-0.277
chr6:104950011-104954684	-0.694	-0.756	-0.585	0.087	-0.646	-0.568	-0.405	-0.806	-0.164
chr6:106509407-106518002	-0.885	-0.802	-0.895	-0.864	-0.710	-0.885	-0.543	-0.909	0.505
chr6:117181835-117182529	0.526	0.110	0.411	0.696	0.195	0.254	0.622	0.634	-0.192
chr6:131927082-131928496	-0.472	-0.344	-0.040	-0.424	-0.466	-0.482	-0.347	-0.202	0.024
chr6:133659099-133664967	-0.717	-0.675	-0.776	0.921	-0.710	-0.845	-0.782	0.605	0.277
chr6:134114897-134115978	-0.375	-0.486	-0.551	-0.592	-0.565	-0.527	-0.578	-0.623	0.199
chr6:144006568-144009053	-0.852	-0.879	-0.802	-0.926	-0.886	-0.919	-0.932	-0.863	-0.933
chr6:160005138-160006878	-0.521	-0.408	-0.741	-0.730	-0.702	-0.799	-0.552	-0.628	-0.323
chr6:160766579-160767790	-0.696	-0.719	-0.177	-0.893	-0.741	-0.229	-0.877	-0.563	-0.132
chr6:163971378-163973025	-0.422	-0.680	-0.805	-0.464	-0.783	0.313	-0.814	-0.563	-0.060
chr6:164039789-164040575	-0.745	-0.721	-0.889	-0.669	-0.511	0.405	-0.792	-0.678	0.171
chr6:165826259-165827973	-0.450	-0.556	-0.446	-0.345	-0.365	-0.349	-0.599	-0.450	-0.134
chr6:166861792-166863324	-0.286	-0.269	-0.668	-0.343	0.178	-0.515	-0.670	-0.620	-0.164
chr6:167820719-167821931	-0.090	-0.436	-0.417	-0.608	0.333	-0.675	-0.277	-0.610	-0.110
chr6:169023026-169025806	-0.520	-0.554	-0.570	-0.450	-0.573	-0.286	-0.532	-0.377	-0.127
chr6:169654366-169655781	-0.269	-0.360	-0.061	-0.312	-0.477	-0.543	-0.713	-0.250	-0.899
chr7:767358-769480	-0.309	-0.821	-0.895	-0.700	-0.643	-0.604	-0.725	-0.838	-0.042
chr7:4861185-4862514	-0.732	-0.589	-0.776	-0.586	-0.787	-0.820	-0.353	-0.574	-0.147
chr7:5427134-5429242	-0.856	-0.601	-0.149	-0.822	-0.715	-0.432	-0.075	-0.396	-0.032
chr7:6621128-6623218	-0.706	-0.842	-0.813	-0.396	-0.433	-0.510	-0.510	-0.747	0.184
chr7:11831037-11832699	-0.604	-0.685	-0.533	0.063	-0.697	-0.786	-0.644	-0.904	0.326
chr7:12111300-12112280	-0.858	-0.791	-0.801	-0.633	-0.588	-0.840	-0.649	-0.842	-0.146
chr7:12555828-12556857	-0.145	0.391	-0.083	-0.352	-0.132	-0.198	-0.507	-0.075	0.082
chr7:12569780-12572190	-0.406	-0.763	-0.866	-0.641	-0.396	-0.795	-0.666	-0.680	-0.123
chr7:20774948-20779554	-0.887	-0.620	-0.433	-0.333	-0.432	-0.513	-0.595	-0.671	-0.330
chr7:22081258-22084230	-0.449	-0.704	-0.478	-0.668	-0.646	-0.473	-0.810	-0.543	0.246
chr7:23490379-23491983	-0.793	-0.372	-0.883	-0.891	-0.828	-0.247	-0.491	-0.695	-0.859
chr7:24283098-24286140	-0.602	-0.686	-0.853	-0.675	-0.516	-0.459	-0.554	-0.835	-0.224
chr7:27121340-27125089	-0.667	-0.199	-0.778	-0.506	-0.682	-0.585	-0.708	-0.568	0.117
chr7:28560658-28561461	-0.453	-0.562	-0.497	-0.561	-0.501	-0.404	-0.715	-0.442	-0.027
chr7:31335247-31337617	-0.657	-0.191	-0.722	-0.484	-0.790	-0.817	-0.576	-0.725	0.194
chr7:34078580-34079396	-0.407	-0.370	-0.564	-0.088	-0.493	-0.607	-0.338	-0.548	-0.088
chr7:39832730-39834290	-0.649	-0.402	0.144	0.212	-0.616	-0.272	-0.231	-0.853	-0.336
chr7:42856469-42857930	-0.695	-0.870	-0.464	-0.709	-0.605	-0.470	-0.744	-0.719	-0.598
chr7:43111964-43115250	-0.725	-0.866	-0.492	-0.807	-0.872	-0.820	-0.696	-0.775	-0.174
chr7:50781028-50784580	-0.903	-0.663	-0.923	-0.924	-0.373	-0.901	-0.865	-0.911	-0.902
chr7:65764383-65765310	-0.717	-0.082	-0.163	-0.596	-0.228	-0.165	-0.670	-0.397	-0.023
chr7:66412624-66414682	-0.588	-0.569	-0.758	-0.246	-0.892	-0.162	-0.612	-0.892	0.360
chr7:72334996-72338241	-0.510	-0.703	-0.615	0.129	-0.487	-0.716	-0.625	-0.535	-0.084
chr7:78535763-78536533	-0.461	-0.812	-0.668	-0.635	-0.806	-0.639	-0.742	-0.665	0.393
chr7:82546614-82547186	-0.412	-0.601	-0.265	-0.639	-0.430	-0.472	-0.570	-0.604	-0.085
chr7:83434505-83435007	-0.247	-0.584	-0.241	-0.575	-0.499	-0.590	-0.290	-0.606	-0.016
chr7:86440398-86441047	-0.619	-0.242	-0.587	-0.423	-0.427	-0.696	-0.517	-0.467	0.102
chr7:86642977-86645543	-0.650	-0.516	-0.580	-0.594	-0.501	-0.577	-0.708	-0.323	0.117
chr7:93043169-93043999	-0.317	-0.427	-0.317	-0.711	-0.736	0.036	-0.257	-0.619	0.149
chr7:94653112-94661791	-0.923	-0.676	-0.909	-0.824	-0.824	-0.892	-0.612	-0.913	-0.857
chr7:100493558-100494163	-0.450	-0.458	-0.310	-0.274	-0.478	-0.120	0.118	-0.275	-0.100
chr7:105244290-105245176	0.289	-0.355	-0.171	-0.872	-0.603	0.321	-0.769	-0.623	-0.114
chr7:105579938-105582132	-0.838	-0.586	-0.722	-0.775	-0.719	-0.433	-0.735	-0.586	-0.251
chr7:106659018-106663830	-0.740	-0.800	-0.916	-0.883	-0.779	-0.877	-0.906	-0.903	0.276
chr7:113742398-113743559	0.256	0.479	0.342	0.564	0.577	0.640	0.548	0.511	-0.059
chr7:128914468-128916679	-0.547	-0.687	-0.578	-0.490	-0.326	-0.673	-0.287	-0.258	0.247
chr7:130107146-130111244	-0.650	-0.883	-0.912	-0.819	-0.788	-0.761	-0.751	-0.708	-0.089
chr7:130485548-130487124	-0.263	-0.320	-0.301	-0.658	-0.503	-0.332	-0.492	-0.551	0.106
chr7:130490104-130498539	-0.862	-0.923	-0.629	-0.915	-0.896	-0.884	-0.950	-0.642	-0.942
chr7:134986063-134987282	-0.851	-0.831	-0.686	-0.759	-0.776	-0.840	-0.641	-0.785	0.035
chr7:137283680-137284321	-0.548	-0.352	-0.422	-0.290	-0.467	-0.702	-0.712	-0.517	0.045
chr7:138663806-138665803	-0.170	-0.738	-0.390	-0.893	-0.688	-0.375	-0.377	-0.416	-0.267
chr7:149691707-149693015	-0.718	-0.655	-0.610	-0.857	-0.833	-0.664	-0.670	-0.782	0.093
chr7:150950273-150953649	-0.236	-0.442	-0.494	-0.467	-0.513	-0.392	-0.557	-0.556	0.184
chr7:150956948-150959620	-0.196	-0.335	-0.256	-0.311	-0.668	-0.428	-0.351	-0.407	-0.185
chr7:151631130-151633437	-0.645	-0.619	-0.582	-0.785	-0.754	-0.628	-0.797	-0.626	-0.285
chr7:154050996-154054713	-0.316	-0.698	-0.482	-0.807	-0.489	-0.401	-0.286	-0.369	0.237
chr7:154058075-154063054	-0.465	0.234	-0.432	-0.342	-0.524	-0.548	-0.729	0.251	-0.221
chr7:154793425-154794979	-0.694	-0.455	-0.597	-0.195	-0.738	-0.496	-0.488	-0.608	0.153
chr7:155069859-155071672	-0.721	-0.598	-0.376	-0.505	-0.647	-0.688	-0.539	-0.518	-0.336
chr7:158203453-158204352	-0.523	-0.446	-0.129	-0.435	-0.657	-0.625	-0.515	-0.440	-0.186
chr7:158554121-158557759	-0.666	0.333	-0.307	-0.744	0.492	-0.632	-0.392	-0.684	-0.084
chr7:158569010-158571374	-0.681	-0.769	-0.561	-0.634	-0.628	-0.602	-0.680	-0.701	0.219
chr8:8701011-8703092	-0.359	-0.623	-0.556	-0.254	-0.611	-0.796	0.270	-0.513	-0.524
chr8:14264324-14265578	-0.706	-0.553	-0.416	-0.791	-0.555	-0.673	-0.546	-0.475	0.191
chr8:15539701-15541367	-0.043	0.239	-0.626	-0.121	-0.115	-0.630	-0.526	-0.557	0.234
chr8:16119767-16120595	-0.746	-0.731	-0.678	-0.382	-0.200	-0.712	-0.525	-0.773	0.095
chr8:18667417-18668987	-0.531	-0.251	-0.475	-0.315	-0.873	-0.783	-0.739	-0.636	-0.197
chr8:19602154-19602931	-0.536	-0.576	-0.214	-0.481	-0.720	-0.797	-0.707	-0.660	-0.294
chr8:22009583-22011378	-0.870	-0.839	-0.892	-0.908	-0.549	-0.781	0.071	-0.159	-0.163
chr8:23287284-23288859	-0.451	-0.417	-0.273	-0.184	-0.431	-0.375	-0.120	-0.372	-0.128
chr8:25000063-25001963	-0.617	-0.077	-0.432	-0.451	-0.404	-0.400	-0.588	-0.674	-0.196
chr8:26046994-26052404	-0.653	-0.575	-0.779	-0.694	-0.715	-0.657	-0.633	-0.595	-0.122
chr8:37747474-37748570	-0.269	-0.360	-0.627	-0.902	-0.691	-0.689	-0.870	-0.773	-0.848
chr8:42903084-42904223	-0.453	-0.505	-0.758	-0.428	-0.290	-0.511	-0.386	-0.342	-0.027
chr8:60713255-60715241	-0.738	-0.670	-0.732	-0.613	-0.601	-0.553	-0.805	-0.719	-0.310
chr8:72004066-72005823	-0.751	-0.763	-0.615	-0.528	-0.697	-0.783	-0.631	-0.549	-0.282
chr8:74312698-74315775	-0.449	-0.507	-0.479	-0.594	-0.358	-0.341	-0.406	-0.532	0.239
chr8:78515701-78517314	-0.805	-0.758	-0.518	-0.447	-0.581	-0.517	-0.288	-0.600	0.351
chr8:89729220-89730491	-0.682	-0.843	-0.874	-0.541	-0.589	-0.708	-0.578	-0.607	-0.051
chr8:90362355-90363141	-0.453	-0.393	-0.547	-0.558	-0.524	-0.715	-0.671	-0.534	-0.061
chr8:95895862-95916600	0.762	0.684	0.686	0.599	0.777	0.561	0.749	0.530	-0.285
chr8:95925233-95953749	0.846	0.398	0.652	-0.567	0.725	0.746	0.792	0.630	0.326
chr8:95992082-95993581	-0.884	-0.661	-0.533	-0.617	-0.732	-0.752	-0.848	-0.630	0.060
chr8:98120509-98121028	-0.499	-0.480	-0.406	-0.606	-0.528	-0.366	-0.444	-0.529	-0.010
chr8:111393609-111394686	-0.525	-0.290	-0.538	0.552	-0.586	-0.356	-0.256	-0.523	-0.027
chr8:114209603-114210992	-0.486	-0.302	-0.558	-0.550	-0.364	-0.556	-0.330	-0.258	0.157
chr8:134686444-134690494	-0.730	-0.745	-0.731	-0.653	-0.665	-0.561	-0.574	-0.481	0.236
chr8:134691711-134698309	-0.925	-0.642	-0.656	-0.649	-0.756	-0.744	-0.740	-0.569	0.207
chr8:134821427-134827723	0.922	0.634	0.637	0.854	0.440	0.723	0.864	0.630	-0.242
chr8:140097405-140101793	-0.920	-0.752	-0.911	-0.909	-0.909	-0.891	-0.836	-0.871	-0.866
chr8:141204196-141206809	-0.753	-0.882	-0.937	-0.896	-0.921	-0.791	-0.839	-0.723	-0.185
chr9:4296391-4300730	-0.823	-0.785	-0.721	-0.811	-0.811	-0.666	-0.654	-0.798	-0.224
chr9:8713138-8713922	-0.550	-0.482	-0.477	-0.355	-0.310	-0.452	-0.397	-0.436	0.026
chr9:10208043-10208534	-0.525	-0.663	-0.773	-0.468	-0.081	-0.664	-0.345	-0.204	0.684
chr9:12587500-12588674	-0.653	-0.313	-0.421	-0.490	-0.377	-0.414	-0.522	-0.417	-0.290
chr9:13840551-13841628	-0.345	-0.318	-0.827	-0.304	-0.432	-0.523	-0.402	-0.556	-0.258
chr9:16726427-16728412	-0.523	0.088	-0.234	-0.570	-0.577	-0.182	-0.319	-0.666	-0.094
chr9:19934107-19935214	-0.371	-0.789	-0.705	-0.717	-0.709	-0.208	-0.259	-0.734	0.368
chr9:31253486-31255792	-0.681	-0.586	-0.387	-0.657	-0.543	-0.377	-0.464	-0.667	-0.088
chr9:34988735-34990823	-0.393	-0.327	-0.422	-0.480	-0.743	-0.702	-0.314	-0.312	-0.099
chr9:37800140-37802940	-0.913	-0.836	-0.883	-0.875	-0.659	-0.692	-0.515	-0.558	0.215
chr9:70974134-70974927	-0.390	-0.414	-0.554	-0.428	-0.483	-0.393	-0.167	-0.516	-0.106
chr9:83536732-83539344	-0.696	-0.584	-0.594	-0.381	-0.841	-0.541	-0.789	-0.810	-0.131
chr9:84140170-84141441	-0.621	-0.682	-0.603	-0.698	-0.822	-0.702	-0.834	-0.747	-0.082
chr9:87384472-87385808	-0.661	-0.282	-0.658	-0.157	-0.506	-0.718	-0.338	-0.394	0.086
chr9:89282048-89283146	-0.556	-0.579	-0.421	-0.375	-0.640	-0.692	-0.410	-0.653	0.619
chr9:92097826-92098923	-0.278	-0.825	-0.828	-0.660	-0.806	-0.787	-0.596	-0.736	-0.186
chr9:93345846-93347006	-0.648	0.139	-0.808	-0.188	-0.311	-0.353	-0.446	-0.575	-0.090
chr9:95312464-95313632	-0.892	-0.752	-0.632	-0.896	-0.626	-0.852	-0.837	-0.677	-0.866
chr9:97120676-97121882	-0.444	-0.201	-0.719	-0.670	-0.180	-0.863	-0.623	-0.796	-0.104
chr9:104147995-104150520	-0.376	-0.518	-0.715	-0.404	-0.576	-0.706	-0.462	-0.434	0.072
chr9:110314385-110314860	-0.178	-0.689	-0.719	-0.609	-0.734	-0.663	-0.512	-0.349	-0.015
chr9:112889741-112891386	-0.700	-0.644	-0.547	-0.498	-0.685	-0.651	-0.447	-0.736	0.253
chr9:113011919-113012931	-0.431	-0.433	-0.532	-0.347	-0.473	-0.568	-0.300	-0.514	-0.246
chr9:113463171-113464109	-0.834	0.126	-0.856	-0.365	0.176	-0.072	-0.290	-0.781	0.029
chr9:117214435-117214873	-0.570	-0.512	-0.404	-0.447	-0.435	-0.556	-0.634	-0.427	0.082
chr9:121299031-121300804	-0.545	-0.665	-0.397	-0.435	-0.657	-0.755	-0.633	-0.835	-0.390
chr9:123372902-123374006	-0.606	-0.489	-0.665	-0.617	-0.629	-0.631	-0.202	-0.493	-0.055
chr9:124598143-124600095	-0.318	-0.903	-0.763	-0.688	-0.798	-0.709	-0.621	-0.312	0.167
chr9:130834009-130836268	-0.492	0.311	-0.630	-0.391	-0.444	-0.217	-0.081	-0.140	0.170
chrX:3813778-3816559	-0.340	-0.874	-0.449	-0.905	-0.658	-0.827	-0.688	-0.782	0.075
chrX:11426400-11428345	-0.477	-0.780	-0.683	-0.804	-0.596	-0.192	-0.572	-0.800	0.693
chrX:29782881-29783612	-0.378	-0.451	-0.403	-0.411	-0.493	-0.564	-0.357	-0.461	-0.185
chrX:139331393-139332491	-0.450	-0.565	-0.544	-0.344	-0.438	0.499	-0.626	-0.384	-0.180
chrX:140763590-140765543	-0.102	-0.548	-0.535	-0.453	-0.541	-0.656	-0.369	-0.588	0.712
